192
117
131
122
65
44
28
52
15
145
97
136
166
78
178
110
26
50
134
141
29
154
68
66
26
80
30
85
42
153
87
75
191
152
181
188
63
128
64
132
90
162
125
158
115
188
118
94
29
13
12
194
144
13
155
197
20
157
165
143
200
123
176
127
167
26
23
172
103
155
178
169
143
19
131
197
148
198
75
40
82
155
163
127
162
91
152
184
117
153
173
13
143
48
153
53
126
128
51
163
42
29
137
183
187
50
155
62
30
26
70
25
21
192
31
88
154
92
187
181
45
139
79
139
40
36
119
192
108
168
177
135
86
198
20
99
45
192
109
112
44
19
123
116
70
80
139
192
19
50
101
69
188
162
63
52
153
44
12
183
122
178
136
174
20
158
51
153
79
39
156
179
21
176
99
185
17
179
149
179
79
113
174
134
53
124
113
110
46
12
168
27
52
124
104
15
119
104
50
173
153
27
135
11
184
188
96
164
10
36
131
177
13
94
77
143
46
141
197
12
102
92
93
42
155
40
195
145
117
138
162
99
44
182
107
170
32
23
42
40
183
189
51
177
136
68
170
110
192
14
109
59
47
183
71
162
108
58
43
15
197
116
27
34
86
26
104
181
105
163
190
183
116
193
69
162
98
127
81
135
149
27
20
129
103
197
99
140
92
125
193
114
40
64
116
37
77
124
151
150
200
19
104
65
94
35
11
97
106
101
37
179
62
33
115
113
78
127
68
182
78
142
35
33
186
24
26
95
59
106
69
181
90
53
39
79
167
36
140
197
117
37
12
189
101
68
192
35
155
133
19
57
157
55
142
115
173
92
193
182
71
188
23
154
131
152
18
96
138
66
161
82
174
78
67
82
198
106
125
162
43
152
100
42
33
12
99
126
191
184
55
80
162
147
124
11
188
114
158
108
22
22
174
172
187
74
192
49
15
186
65
13
99
46
27
197
15
99
21
91
26
36
110
79
168
111
189
72
13
94
193
182
12
149
190
200
88
73
175
131
53
100
93
24
33
177
140
134
151
43
128
169
53
65
58
85
148
46
41
85
151
76
20
74
21
15
163
53
101
29
80
75
187
93
198
50
35
65
35
191
132
71
35
90
99
28
92
75
123
87
28
110
74
180
196
199
35
64
174
12
177
21
94
133
101
68
63
52
46
122
99
160
135
133
181
110
111
173
133
21
141
57
153
68
126
155
145
90
57
16
141
12
23
18
195
100
34
33
26
84
47
24
31
53
101
95
80
47
101
86
74
180
157
13
113
69
51
62
71
93
25
162
35
12
130
123
125
29
111
54
100
190
192
148
56
70
166
27
167
75
25
104
125
57
157
149
90
47
54
187
186
139
199
62
22
190
198
13
114
192
129
195
106
28
183
71
73
21
101
145
86
184
191
100
132
134
140
99
59
41
153
112
181
126
12
26
87
98
61
124
163
78
49
14
53
191
58
127
169
117
90
64
125
41
50
147
47
73
198
198
194
123
174
61
184
159
19
103
138
110
176
79
133
143
167
157
192
162
181
127
82
134
23
174
149
51
21
173
71
170
122
183
168
99
182
192
116
10
116
113
48
89
166
127
28
195
119
113
114
11
112
125
149
11
143
18
158
190
55
31
95
74
130
75
99
125
32
38
200
82
105
27
20
81
58
40
87
179
122
166
178
83
175
199
110
147
127
155
67
186
83
34
105
96
108
158
140
11
150
23
172
161
173
163
120
139
11
163
67
115
37
182
70
109
10
191
64
14
107
53
80
93
107
137
52
68
150
101
44
176
119
181
160
121
56
34
113
11
136
119
168
108
144
94
76
71
73
61
68
77
22
147
18
200
16
46
83
109
115
167
154
116
111
75
37
165
25
96
180
98
190
156
17
180
103
175
107
142
104
33
136
70
194
173
160
80
86
91
149
93
77
167
100
183
82
159
12
142
41
111
30
185
14
10
88
178
119
36
169
115
29
63
132
137
53
58
40
93
198
62
100
101
163
57
104
79
79
148
144
150
108
73
133
185
16
185
60
167
183
124
78
190
154
168
151
153
65
24
194
105
121
159
63
96
136
62
196
91
169
198
121
136
199
91
196
120
34
83
84
49
144
123
62
108
50
71
196
188
157
130
95
71
174
60
160
22
84
142
194
49
128
116
105
75
30
166
146
24
24
12
