12
24
24
146
166
30
75
105
116
128
49
194
142
84
22
160
60
174
71
95
130
157
188
196
71
50
108
62
123
144
49
84
83
34
120
196
91
199
136
121
198
169
91
196
62
136
96
63
159
121
105
194
24
65
153
151
168
154
190
78
124
183
167
60
185
16
185
133
73
108
150
144
148
79
79
104
57
163
101
100
62
198
93
40
58
53
137
132
63
29
115
169
36
119
178
88
10
14
185
30
111
41
142
12
159
82
183
100
167
77
93
149
91
86
80
160
173
194
70
136
33
104
142
107
175
103
180
17
156
190
98
180
96
25
165
37
75
111
116
154
167
115
109
83
46
16
200
18
147
22
77
68
61
73
71
76
94
144
108
168
119
136
11
113
34
56
121
160
181
119
176
44
101
150
68
52
137
107
93
80
53
107
14
64
191
10
109
70
182
37
115
67
163
11
139
120
163
173
161
172
23
150
11
140
158
108
96
105
34
83
186
67
155
127
147
110
199
175
83
178
166
122
179
87
40
58
81
20
27
105
82
200
38
32
125
99
75
130
74
95
31
55
190
158
18
143
11
149
125
112
11
114
113
119
195
28
127
166
89
48
113
116
10
116
192
182
99
168
183
122
170
71
173
21
51
149
174
23
134
82
127
181
162
192
157
167
143
133
79
176
110
138
103
19
159
184
61
174
123
194
198
198
73
47
147
50
41
125
64
90
117
169
127
58
191
53
14
49
78
163
124
61
98
87
26
12
126
181
112
153
41
59
99
140
134
132
100
191
184
86
145
101
21
73
71
183
28
106
195
129
192
114
13
198
190
22
62
199
139
186
187
54
47
90
149
157
57
125
104
25
75
167
27
166
70
56
148
192
190
100
54
111
29
125
123
130
12
35
162
25
93
71
62
51
69
113
13
157
180
74
86
101
47
80
95
101
53
31
24
47
84
26
33
34
100
195
18
23
12
141
16
57
90
145
155
126
68
153
57
141
21
133
173
111
110
181
133
135
160
99
122
46
52
63
68
101
133
94
21
177
12
174
64
35
199
196
180
74
110
28
87
123
75
92
28
99
90
35
71
132
191
35
65
35
50
198
93
187
75
80
29
101
53
163
15
21
74
20
76
151
85
41
46
148
85
58
65
53
169
128
43
151
134
140
177
33
24
93
100
53
131
175
73
88
200
190
149
12
182
193
94
13
72
189
111
168
79
110
36
26
91
21
99
15
197
27
46
99
13
65
186
15
49
192
74
187
172
174
22
22
108
158
114
188
11
124
147
162
80
55
184
191
126
99
12
33
42
100
152
43
162
125
106
198
82
67
78
174
82
161
66
138
96
18
152
131
154
23
188
71
182
193
92
173
115
142
55
157
57
19
133
155
35
192
68
101
189
12
37
117
197
140
36
167
79
39
53
90
181
69
106
59
95
26
24
186
33
35
142
78
182
68
127
78
113
115
33
62
179
37
101
106
97
11
35
94
65
104
19
200
150
151
124
77
37
116
64
40
114
193
125
92
140
99
197
103
129
20
27
149
135
81
127
98
162
69
193
116
183
190
163
105
181
104
26
86
34
27
116
197
15
43
58
108
162
71
183
47
59
109
14
192
110
170
68
136
177
51
189
183
40
42
23
32
170
107
182
44
99
162
138
117
145
195
40
155
42
93
92
102
12
197
141
46
143
77
94
13
177
131
36
10
164
96
188
184
11
135
27
153
173
50
104
119
15
104
124
52
27
168
12
46
110
113
124
53
134
174
113
79
179
149
179
17
185
99
176
21
179
156
39
79
153
51
158
20
174
136
178
122
183
12
44
153
52
63
162
188
69
101
50
19
192
139
80
70
116
123
19
44
112
109
192
45
99
20
198
86
135
177
168
108
192
119
36
40
139
79
139
45
181
187
92
154
88
31
192
21
25
70
26
30
62
155
50
187
183
137
29
42
163
51
128
126
53
153
48
143
13
173
153
117
184
152
91
162
127
163
155
82
40
75
198
148
197
131
19
143
169
178
155
103
172
23
26
167
127
176
123
200
143
165
157
20
197
155
13
144
194
12
13
29
94
118
188
115
158
125
162
90
132
64
128
63
188
181
152
191
75
87
153
42
85
30
80
26
66
68
154
29
141
134
50
26
110
178
78
166
136
97
145
15
52
28
44
65
122
131
117
192